t_int = 100.0 s 
sensitivity = 0.5121540500724444 mJy 
bandwidth = 7.5 GHz 
obs_freq = 350.0 GHz 
n_pol = 2 
weather = 50 
elevation = 30.0 deg 
g = 1 
surface_rms = 25.0 micron 
dish_radius = 25.0 m 
T_amb = 270.0 K 
T_rx = 50.0 K 
eta_eff = 0.8 
eta_ill = 0.63 
eta_q = 0.96 
T_cmb = 2.73 K 
area = 1963.4954084936207 m2 
tau_atm = 0.3142251999999999 
T_atm = 44.23064 K 
eta_a = 0.7207138390927517 
eta_s = 0.9 
sefd = 4.123086821051053e-24 J / m2 
