t_int = 3600.0 s 
sensitivity = 2.694810536659905 mJy 
bandwidth = 7.5 GHz 
obs_freq = 350.0 GHz 
n_pol = 2 
weather = 50 
elevation = 30.0 deg 
g = 1 
surface_rms = 24.0 micron 
dish_radius = 7.5 m 
T_amb = 270.0 K 
T_rx = 100.0 K 
eta_eff = 0.64 
eta_ill = 0.5 
eta_q = 0.96 
T_cmb = 2.73 K 
area = 176.71458676442586 m2 
tau_atm = 0.3142251999999999 
T_atm = 44.23064 K 
eta_a = 0.5659942342167273 
eta_s = 0.9 
sefd = 1.3016713788392757e-22 J / m2 
