t_int = 154.98338031452528 s 
sensitivity = 1.0 mJy 
bandwidth = 0.5 GHz 
obs_freq = 230.0 GHz 
n_pol = 2 
weather = 25 
elevation = 30.0 deg 
g = 1 
surface_rms = 25.0 micron 
dish_radius = 25.0 m 
T_amb = 270.0 K 
T_rx = 50.0 K 
eta_eff = 0.8 
eta_ill = 0.8 
eta_spill = 0.95 
eta_block = 0.94 
eta_pol = 0.99 
eta_r = 1 
eta_q = 0.96 
T_cmb = 2.73 K 
area = 1963.4954084936207 m2 
tau_atm = 0.055883759999999984 
T_atm = 11.5623 K 
eta_a = 0.667340895893218 
eta_s = 0.99 
sefd = 3.685596191695299e-24 J / m2 
