t_int = 100.0 s 
sensitivity = 0.48547675673946633 mJy 
bandwidth = 7.5 GHz 
obs_freq = 100.0 GHz 
n_pol = 2 
weather = 50 
elevation = 30.0 deg 
g = 1 
surface_rms = 25.0 micron 
dish_radius = 25.0 m 
T_amb = 270.0 K 
T_rx = 50.0 K 
eta_eff = 0.8 
eta_ill = 0.8 
eta_spill = 0.95 
eta_block = 0.94 
eta_pol = 0.99 
eta_r = 1 
eta_q = 0.96 
T_cmb = 2.73 K 
area = 1963.4954084936207 m2 
tau_atm = 0.04384339999999999 
T_atm = 8.429821 K 
eta_a = 0.6995318165809129 
eta_s = 0.9 
sefd = 5.121717664309235e-24 J / m2 
